ELA_5: 42.71426554829302

ELA_6: 2832.4537026473827

ELA_32: 2832.453702651787

ELA_33: 2832.453702641058

